20110427
20110622
20111102
20120125
20120425
20120620
20120913
20121212
20130320
20130619
20130918
20131218
20140319
20140618
20140917
20141217
20150318
20150617
20150917
20151216
20160316
20160615
20160921
20161214
20170315
20170614
20170920
20171213
20180321
20180613
20180926
20181219
20190130
20190320
20190501
20190619
20190731
20190918
20191030
20191211
20200129
20200303
20200315
20200429
20200610
20200729
20200916
20201105
20201216
20210127
20210317
20210428
20210616
20210728
20210922
20211103
20211215
20220126
20220316
20220504
20220615
20220727
20220921
20221102
20221214
20230201
20230322
20230503
20230614
20230726
20230920